9848
20490
27183
23120
23440
27158
21088
9956
22301
19037
18711
1757
8047
21342
21476
7697
29099
6435
504
28353
347
3458
21327
30230
19215
18371
27881
29828
28685
4452
31475
23349
27195
30914
12553
26529
8156
17292
27872
11416
28337
29579
249
2492
27397
15207
17764
27419
22274
7089
11645
9715
5451
7402
3317
23474
13518
1225
19236
24842
2203
17377
17770
24773
17623
16801
25293
17746
12477
31517
32714
20786
23990
2598
30561
16192
17485
27103
25356
26822
32003
10397
1971
21135
31982
14011
22012
18901
7209
5487
440
2826
908
10405
5472
10161
10984
10892
2719
3149
