26198
32765
49186
42031
66538
70776
76726
77245
81264
94095
115258
128544
135040
132982
147040
179610
171385
195721
189701
193678
210833
220900
234112
256869
269968
278343
283540
301264
301517
297189
300601
339019
336002
335791
342314
379382
365703
383591
396083
410141
421900
413623
434034
439064
447610
471594
467392
479865
489693
507261
531584
520272
524911
547384
548526
579516
581391
601384
592539
599448
606851
613686
639995
638599
662822
652853
666136
688706
710843
697374
710205
723301
724966
739304
746721
779669
779286
778187
806908
810546
806212
842392
851600
862345
869300
876829
862065
880311
906366
916194
910300
916179
920663
949836
951269
953483
974774
971065
1011249
1002972
