12276
39647
22643
43695
44914
80855
90696
81179
110139
106318
114580
132920
143216
136631
169766
181340
164278
194239
184114
211919
213681
212130
242543
238637
250649
279554
287464
288222
282938
318663
304238
333256
338121
356196
353841
374060
375427
380030
388280
422654
411106
424102
421130
448117
471372
455946
471131
492083
490006
515612
513722
530657
534915
551056
543415
552171
567540
592761
593073
594221
608404
615468
635068
660798
670190
663492
680492
692351
681155
715798
702855
729713
752503
751798
742999
760047
761654
794379
791679
814466
811898
831145
838167
853013
843509
878036
878516
882929
904840
910212
929866
916915
942210
949384
947579
980051
964964
979908
1004625
1020840
