20747
17278
36073
56072
59245
75796
86342
78771
88471
96607
128443
111425
122112
136390
163942
174164
191732
190055
200013
220613
207951
232787
232308
255107
258772
267434
289048
295163
300578
292640
302820
310109
343977
346750
366236
353109
378291
382930
385722
406948
428465
437951
420439
440306
467574
467235
475878
485001
508717
506234
531910
525848
530425
531638
570117
568453
585330
576165
585660
603793
619828
623353
651112
652832
664633
671148
662138
685008
707905
709414
703788
739149
738218
761130
750441
759422
785450
771877
792887
814388
821071
821425
828389
842499
853299
860589
868118
888944
903607
896867
919272
936220
938321
954423
958380
957395
979127
994215
987630
1001472
