18517
20224
51215
33974
50076
82688
63371
91353
101991
104373
125551
128779
128187
162717
166126
181988
178097
172988
195589
206959
206165
212940
246108
254391
248166
265022
287926
290791
290375
306666
327484
330691
347989
352402
366452
358224
365722
389275
387180
402125
424790
419466
428427
459058
459109
462698
474492
499750
509063
506916
518738
515177
524997
553303
561790
563024
577920
584792
591651
621499
604008
639544
626897
649833
660034
669853
669677
695315
705531
718833
719630
717028
740694
732790
769569
779887
768867
773094
793292
820355
815596
824612
840122
855515
851150
865468
887865
899813
905938
908034
916316
940744
930189
962541
967553
979685
984584
977968
1001479
998948
