25697
18796
49922
56865
61143
74120
86000
101839
94119
91466
117728
125223
131772
132496
149284
173247
185605
174995
209433
196847
205088
210995
221296
232343
257052
260936
265765
298581
300619
313584
300478
319139
331894
359296
349235
376356
386908
373156
403322
419148
431429
417955
420319
452588
449253
453481
475413
474545
499693
499025
509959
537687
527810
530355
546478
579450
560391
594335
595808
610126
600349
615684
642198
640613
667550
662129
683060
692076
697518
718549
728989
741841
746049
753599
746951
768769
763391
784534
796439
798126
816490
821389
826359
834361
860565
872474
864234
878397
908224
916155
906785
921345
948362
941475
941117
966940
972521
977252
983997
999559
